7.653744220733642578e-01
8.132865428924560547e-01
7.585501074790954590e-01
8.261693716049194336e-01
7.579507827758789062e-01
7.499535083770751953e-01
9.218219518661499023e-01
7.523391246795654297e-01
8.358440995216369629e-01
9.078686237335205078e-01
9.173151254653930664e-01
7.871068120002746582e-01
8.022583723068237305e-01
7.930053472518920898e-01
7.092945575714111328e-01
7.591277360916137695e-01
8.484632968902587891e-01
6.568040847778320312e-01
7.972778081893920898e-01
8.461230993270874023e-01
8.313361406326293945e-01
7.645767927169799805e-01
8.380424976348876953e-01
7.978023886680603027e-01
7.871757745742797852e-01
7.458068728446960449e-01
7.497376203536987305e-01
6.953961849212646484e-01
7.270585298538208008e-01
7.754825353622436523e-01
8.463050723075866699e-01
7.552021741867065430e-01
8.164160251617431641e-01
6.754075288772583008e-01
8.189960718154907227e-01
9.500927925109863281e-01
8.036475181579589844e-01
6.599798798561096191e-01
6.880159974098205566e-01
8.092205524444580078e-01
8.266249895095825195e-01
6.903687715530395508e-01
8.013961315155029297e-01
8.276009559631347656e-01
8.211092948913574219e-01
7.784612178802490234e-01
8.177126646041870117e-01
7.436465620994567871e-01
7.387371063232421875e-01
8.363260626792907715e-01
8.647249937057495117e-01
8.576568365097045898e-01
7.278268337249755859e-01
8.593291044235229492e-01
7.090699076652526855e-01
7.924494743347167969e-01
8.310446739196777344e-01
8.408730030059814453e-01
7.773758172988891602e-01
6.592252254486083984e-01
9.125669598579406738e-01
7.795760631561279297e-01
7.032163739204406738e-01
7.651931047439575195e-01
6.902984380722045898e-01
9.046390056610107422e-01
6.966670751571655273e-01
7.056537866592407227e-01
7.423728704452514648e-01
9.853610992431640625e-01
6.958642005920410156e-01
8.883274197578430176e-01
9.294132590293884277e-01
7.902158498764038086e-01
6.358011364936828613e-01
8.426179289817810059e-01
7.806987166404724121e-01
7.428733110427856445e-01
7.184351682662963867e-01
8.433241844177246094e-01
8.107891082763671875e-01
8.216477632522583008e-01
7.495005130767822266e-01
7.967649698257446289e-01
8.927830457687377930e-01
6.303685903549194336e-01
9.047633409500122070e-01
7.958943843841552734e-01
9.025061130523681641e-01
7.931272983551025391e-01
9.251258969306945801e-01
7.504916191101074219e-01
8.609115481376647949e-01
8.320214748382568359e-01
8.553436994552612305e-01
8.766742348670959473e-01
7.887574434280395508e-01
9.507586956024169922e-01
7.632421255111694336e-01
8.366664648056030273e-01
8.234262466430664062e-01
8.137213587760925293e-01
8.900707960128784180e-01
8.213402032852172852e-01
7.794432640075683594e-01
8.870179057121276855e-01
8.121358156204223633e-01
7.604405879974365234e-01
9.001035690307617188e-01
8.098835945129394531e-01
8.672441244125366211e-01
7.581422924995422363e-01
7.784919738769531250e-01
8.399272561073303223e-01
7.779335379600524902e-01
9.518516063690185547e-01
7.810000181198120117e-01
7.684636116027832031e-01
7.382731437683105469e-01
7.252966761589050293e-01
7.649445533752441406e-01
8.565231561660766602e-01
8.568420410156250000e-01
7.884293794631958008e-01
7.330233454704284668e-01
7.076725959777832031e-01
7.453393936157226562e-01
6.967718005180358887e-01
7.150357961654663086e-01
7.807828187942504883e-01
7.039926052093505859e-01
8.254107832908630371e-01
6.462036371231079102e-01
8.059168457984924316e-01
6.625337600708007812e-01
7.215501666069030762e-01
7.872079610824584961e-01
7.744706273078918457e-01
7.584372758865356445e-01
7.373059988021850586e-01
7.141035795211791992e-01
8.556572198867797852e-01
6.926723122596740723e-01
7.205837965011596680e-01
8.210700750350952148e-01
8.028499484062194824e-01
9.157014489173889160e-01
8.555709123611450195e-01
8.204811811447143555e-01
7.671817541122436523e-01
8.047855496406555176e-01
9.312039613723754883e-01
9.476932287216186523e-01
6.703431010246276855e-01
9.281208515167236328e-01
8.092113733291625977e-01
8.662760853767395020e-01
9.266360402107238770e-01
7.879495620727539062e-01
7.144471406936645508e-01
9.795035123825073242e-01
9.208749532699584961e-01
8.366152644157409668e-01
7.223527431488037109e-01
7.636694908142089844e-01
7.016221284866333008e-01
8.816224336624145508e-01
8.186616897583007812e-01
8.728392124176025391e-01
7.533454895019531250e-01
7.434574365615844727e-01
8.951022624969482422e-01
7.830259799957275391e-01
7.379149198532104492e-01
6.176240444183349609e-01
8.550949692726135254e-01
8.139204978942871094e-01
7.884252071380615234e-01
8.298535346984863281e-01
7.159875631332397461e-01
8.282175660133361816e-01
7.470941543579101562e-01
6.687479019165039062e-01
8.173285722732543945e-01
9.188928604125976562e-01
7.542223930358886719e-01
7.609266042709350586e-01
6.842658519744873047e-01
8.718593120574951172e-01
7.594863772392272949e-01
7.821700572967529297e-01
6.565401554107666016e-01
8.714611530303955078e-01
6.868334412574768066e-01
7.823853492736816406e-01
8.407205343246459961e-01
8.320342302322387695e-01
8.275915384292602539e-01
8.017839193344116211e-01
8.092588186264038086e-01
8.796781301498413086e-01
8.905897140502929688e-01
8.470621109008789062e-01
8.222724795341491699e-01
8.353024125099182129e-01
7.849851846694946289e-01
7.986786365509033203e-01
7.154545187950134277e-01
7.350753545761108398e-01
8.608630895614624023e-01
8.530633449554443359e-01
9.078132510185241699e-01
7.766844034194946289e-01
8.806471228599548340e-01
7.562785148620605469e-01
9.555291533470153809e-01
7.442780733108520508e-01
7.277299761772155762e-01
7.279995083808898926e-01
7.339033484458923340e-01
7.826576828956604004e-01
8.195766210556030273e-01
8.012799024581909180e-01
7.565179467201232910e-01
7.210496068000793457e-01
7.754281163215637207e-01
9.115896821022033691e-01
8.108526468276977539e-01
6.259763240814208984e-01
9.301918148994445801e-01
8.774934411048889160e-01
7.518754601478576660e-01
8.124269247055053711e-01
6.955894827842712402e-01
6.894392967224121094e-01
9.295585155487060547e-01
7.912597060203552246e-01
8.102141618728637695e-01
8.122592568397521973e-01
8.493406772613525391e-01
7.233397960662841797e-01
8.403493762016296387e-01
7.064634561538696289e-01
7.312636971473693848e-01
8.167520761489868164e-01
7.402434349060058594e-01
8.253819942474365234e-01
7.217122316360473633e-01
7.480587959289550781e-01
7.374727129936218262e-01
8.545262217521667480e-01
7.936933040618896484e-01
9.083970189094543457e-01
9.162319898605346680e-01
8.811084032058715820e-01
8.104968667030334473e-01
8.425243496894836426e-01
8.682520985603332520e-01
9.237695932388305664e-01
6.981393098831176758e-01
7.628830671310424805e-01
8.622313737869262695e-01
7.943584918975830078e-01
7.430953979492187500e-01
9.145975112915039062e-01
8.907699584960937500e-01
8.282405734062194824e-01
8.055680990219116211e-01
8.169425725936889648e-01
7.214969992637634277e-01
8.209685683250427246e-01
7.536474466323852539e-01
9.037816524505615234e-01
7.888733148574829102e-01
8.905667066574096680e-01
8.434414267539978027e-01
7.320402860641479492e-01
7.446810007095336914e-01
7.925777435302734375e-01
8.976695537567138672e-01
8.262580633163452148e-01
7.917224168777465820e-01
7.115645408630371094e-01
7.514795064926147461e-01
7.481196522712707520e-01
8.409541845321655273e-01
8.682378530502319336e-01
6.739979982376098633e-01
7.732481360435485840e-01
9.043018817901611328e-01
7.625252008438110352e-01
8.051237463951110840e-01
7.301979064941406250e-01
7.464025616645812988e-01
8.298925757408142090e-01
7.599135637283325195e-01
8.628922700881958008e-01
8.378508090972900391e-01
7.236754894256591797e-01
7.151768207550048828e-01
7.643489241600036621e-01
7.795830965042114258e-01
8.509348630905151367e-01
8.359405994415283203e-01
9.074767827987670898e-01
8.216454982757568359e-01
8.056516647338867188e-01
9.236293435096740723e-01
7.087246179580688477e-01
8.110688924789428711e-01
7.157280445098876953e-01
7.990861535072326660e-01
7.741190195083618164e-01
7.004989981651306152e-01
7.343472242355346680e-01
8.195031285285949707e-01
7.505133152008056641e-01
7.952950596809387207e-01
7.628372907638549805e-01
8.284723162651062012e-01
8.240542411804199219e-01
9.025846123695373535e-01
7.788296341896057129e-01
6.854921579360961914e-01
7.786250114440917969e-01
7.755477428436279297e-01
8.667428493499755859e-01
7.519437074661254883e-01
8.241755962371826172e-01
7.541263103485107422e-01
8.868982791900634766e-01
7.134678363800048828e-01
7.394818663597106934e-01
7.874157428741455078e-01
8.384065628051757812e-01
8.442956805229187012e-01
7.226641774177551270e-01
8.876425027847290039e-01
8.224415779113769531e-01
7.521702647209167480e-01
6.797660589218139648e-01
8.565193414688110352e-01
7.745434641838073730e-01
9.028261303901672363e-01
7.933533191680908203e-01
7.508264780044555664e-01
8.012773394584655762e-01
6.765028834342956543e-01
7.505154609680175781e-01
7.148618698120117188e-01
8.198225498199462891e-01
7.632919549942016602e-01
8.335807323455810547e-01
8.732925653457641602e-01
6.346549391746520996e-01
7.062433958053588867e-01
9.356385469436645508e-01
7.826764583587646484e-01
7.212585210800170898e-01
8.072244524955749512e-01
7.557787895202636719e-01
8.431451320648193359e-01
9.494290351867675781e-01
6.957205533981323242e-01
7.197290658950805664e-01
9.969867467880249023e-01
7.027543187141418457e-01
7.884923219680786133e-01
8.820300102233886719e-01
8.515291810035705566e-01
8.639577627182006836e-01
5.985809564590454102e-01
8.107196092605590820e-01
8.007072210311889648e-01
9.145296812057495117e-01
7.690480351448059082e-01
8.524816632270812988e-01
7.902951836585998535e-01
7.800227999687194824e-01
8.923474550247192383e-01
5.700186491012573242e-01
7.452338933944702148e-01
7.273522615432739258e-01
7.821300029754638672e-01
7.278736829757690430e-01
6.842285990715026855e-01
8.434720635414123535e-01
8.690431118011474609e-01
8.235925436019897461e-01
7.460796833038330078e-01
8.881284594535827637e-01
8.886338472366333008e-01
6.635172963142395020e-01
8.662180900573730469e-01
7.808705568313598633e-01
7.647597789764404297e-01
7.338125705718994141e-01
8.119083642959594727e-01
7.226960659027099609e-01
7.558292150497436523e-01
7.723510265350341797e-01
9.047001600265502930e-01
8.132433891296386719e-01
8.437922000885009766e-01
8.069792985916137695e-01
8.577029705047607422e-01
9.224608540534973145e-01
7.935572862625122070e-01
8.875366449356079102e-01
7.568417787551879883e-01
7.125902771949768066e-01
7.846051454544067383e-01
8.989906907081604004e-01
8.097488880157470703e-01
7.123093605041503906e-01
9.468835592269897461e-01
8.805428743362426758e-01
8.080458045005798340e-01
8.478851914405822754e-01
7.898116111755371094e-01
7.319631576538085938e-01
7.589302659034729004e-01
6.824733018875122070e-01
8.107260465621948242e-01
8.236507177352905273e-01
7.425522804260253906e-01
6.324280500411987305e-01
6.251011490821838379e-01
7.744259834289550781e-01
8.295485973358154297e-01
7.695212364196777344e-01
7.922298908233642578e-01
7.148015499114990234e-01
8.319882750511169434e-01
8.415945172309875488e-01
8.404167890548706055e-01
7.790911793708801270e-01
7.506402134895324707e-01
6.895895600318908691e-01
9.119478464126586914e-01
7.302994728088378906e-01
8.194431066513061523e-01
7.667564749717712402e-01
8.155764937400817871e-01
6.805312633514404297e-01
8.570922613143920898e-01
7.970497608184814453e-01
8.086057901382446289e-01
6.103408336639404297e-01
8.001853823661804199e-01
7.916816473007202148e-01
8.790040016174316406e-01
6.907457113265991211e-01
8.575826287269592285e-01
8.110783100128173828e-01
9.350613355636596680e-01
7.069494724273681641e-01
7.165896296501159668e-01
8.327150344848632812e-01
8.426491618156433105e-01
7.201423645019531250e-01
7.867877483367919922e-01
8.276041746139526367e-01
9.559811949729919434e-01
7.839432954788208008e-01
8.689001798629760742e-01
8.776360154151916504e-01
7.516655921936035156e-01
7.772142291069030762e-01
8.357395529747009277e-01
7.479194402694702148e-01
8.863618373870849609e-01
9.575499892234802246e-01
6.839171051979064941e-01
7.367248535156250000e-01
9.661804437637329102e-01
6.917262673377990723e-01
7.158839702606201172e-01
7.129276394844055176e-01
8.197398185729980469e-01
8.683695793151855469e-01
7.508203983306884766e-01
7.999145984649658203e-01
9.213545322418212891e-01
8.643553256988525391e-01
8.052441477775573730e-01
7.157819271087646484e-01
9.344143867492675781e-01
8.187242150306701660e-01
8.515225648880004883e-01
6.524820327758789062e-01
7.526601552963256836e-01
8.225927352905273438e-01
6.991505622863769531e-01
8.045192360877990723e-01
7.234846949577331543e-01
6.468750238418579102e-01
8.400310277938842773e-01
7.637360095977783203e-01
8.295651674270629883e-01
8.188129067420959473e-01
7.725138664245605469e-01
7.716320753097534180e-01
8.442041873931884766e-01
8.430610299110412598e-01
8.654096126556396484e-01
8.634229898452758789e-01
8.678717613220214844e-01
8.342571854591369629e-01
7.144874334335327148e-01
8.163380026817321777e-01
9.223467111587524414e-01
8.855649232864379883e-01
6.835219264030456543e-01
7.092621326446533203e-01
7.106679081916809082e-01
7.236832380294799805e-01
8.464488983154296875e-01
8.330414891242980957e-01
9.229435324668884277e-01
7.658730745315551758e-01
8.143217563629150391e-01
8.820364475250244141e-01
8.326709270477294922e-01
1.002567291259765625e+00
8.404062390327453613e-01
8.798932433128356934e-01
7.899865508079528809e-01
7.402164340019226074e-01
9.230189323425292969e-01
7.802642583847045898e-01
9.803659915924072266e-01
8.173441886901855469e-01
7.563166618347167969e-01
9.335327148437500000e-01
7.242788672447204590e-01
8.476172685623168945e-01
8.908791542053222656e-01
7.733510732650756836e-01
8.268651962280273438e-01
8.053089380264282227e-01
8.153335452079772949e-01
7.596011757850646973e-01
7.695524692535400391e-01
9.189395904541015625e-01
7.210572361946105957e-01
7.621557712554931641e-01
8.873120546340942383e-01
8.867675662040710449e-01
7.364464998245239258e-01
7.681944966316223145e-01
8.202419281005859375e-01
7.750339508056640625e-01
8.886266946792602539e-01
9.476321935653686523e-01
7.839256525039672852e-01
8.260269761085510254e-01
8.459048271179199219e-01
6.764479875564575195e-01
7.619196772575378418e-01
8.151425123214721680e-01
7.906572818756103516e-01
7.298161983489990234e-01
8.850656151771545410e-01
7.699824571609497070e-01
8.852218389511108398e-01
7.612577080726623535e-01
7.706458568572998047e-01
8.068100810050964355e-01
8.155450224876403809e-01
6.346224546432495117e-01
7.449135184288024902e-01
7.885429263114929199e-01
7.972304821014404297e-01
8.294631838798522949e-01
7.967989444732666016e-01
7.604911327362060547e-01
7.832255363464355469e-01
8.068127632141113281e-01
7.983859777450561523e-01
8.160757422447204590e-01
7.331392765045166016e-01
6.965299844741821289e-01
7.243405580520629883e-01
7.326719164848327637e-01
7.033653259277343750e-01
7.314119338989257812e-01
9.569765925407409668e-01
7.450106739997863770e-01
9.051123857498168945e-01
8.582397699356079102e-01
8.923084735870361328e-01
8.509785532951354980e-01
8.038037419319152832e-01
7.557569742202758789e-01
7.859682440757751465e-01
7.556633949279785156e-01
7.701045274734497070e-01
7.490983605384826660e-01
7.841742038726806641e-01
8.704813122749328613e-01
8.705613613128662109e-01
7.766492366790771484e-01
8.015916347503662109e-01
8.146376013755798340e-01
8.134178519248962402e-01
8.639699816703796387e-01
8.117898702621459961e-01
7.694824934005737305e-01
7.267773151397705078e-01
7.824295759201049805e-01
8.993053436279296875e-01
7.874016761779785156e-01
7.073367834091186523e-01
8.566362857818603516e-01
8.207069635391235352e-01
7.932728528976440430e-01
6.675657033920288086e-01
8.101031780242919922e-01
7.090681791305541992e-01
6.889129877090454102e-01
6.977876424789428711e-01
9.440934062004089355e-01
7.915960550308227539e-01
8.942830562591552734e-01
8.059895038604736328e-01
7.949955463409423828e-01
8.647329807281494141e-01
8.624364137649536133e-01
7.440484166145324707e-01
9.249727725982666016e-01
7.644625902175903320e-01
7.239583730697631836e-01
7.954913377761840820e-01
6.311600208282470703e-01
1.036868810653686523e+00
8.483306169509887695e-01
7.789915800094604492e-01
7.942693233489990234e-01
8.486456871032714844e-01
7.642513513565063477e-01
9.230955839157104492e-01
7.827830910682678223e-01
7.989050149917602539e-01
8.402814865112304688e-01
7.830943465232849121e-01
7.442253232002258301e-01
8.209493756294250488e-01
8.610835671424865723e-01
6.995909810066223145e-01
7.846851944923400879e-01
9.480687379837036133e-01
8.492306470870971680e-01
9.412206411361694336e-01
8.601851463317871094e-01
7.774823904037475586e-01
8.425951600074768066e-01
7.828267812728881836e-01
9.962106943130493164e-01
6.560134887695312500e-01
7.140548229217529297e-01
8.820369839668273926e-01
6.770009398460388184e-01
7.731566429138183594e-01
7.970331907272338867e-01
8.515126705169677734e-01
7.856850028038024902e-01
6.572016477584838867e-01
8.450794219970703125e-01
8.208085894584655762e-01
9.776090979576110840e-01
8.279094099998474121e-01
7.423020601272583008e-01
9.116553664207458496e-01
7.958487272262573242e-01
7.607591152191162109e-01
8.012118339538574219e-01
8.092851638793945312e-01
8.157007694244384766e-01
8.219431638717651367e-01
8.205243349075317383e-01
8.278613090515136719e-01
8.229862451553344727e-01
8.259041309356689453e-01
7.552036643028259277e-01
8.491550087928771973e-01
8.199218511581420898e-01
8.095919489860534668e-01
7.624445557594299316e-01
7.643051147460937500e-01
7.453846931457519531e-01
7.044374346733093262e-01
8.451233506202697754e-01
8.333610296249389648e-01
9.233313798904418945e-01
8.831292390823364258e-01
8.799272775650024414e-01
6.886208653450012207e-01
8.999974727630615234e-01
7.693212032318115234e-01
8.666651248931884766e-01
8.374136686325073242e-01
8.662682175636291504e-01
6.893643140792846680e-01
6.880788803100585938e-01
7.176499962806701660e-01
7.519001960754394531e-01
7.870266437530517578e-01
8.070689439773559570e-01
7.472045421600341797e-01
8.826414942741394043e-01
7.924860715866088867e-01
8.541203737258911133e-01
7.130050659179687500e-01
8.356736898422241211e-01
8.749049901962280273e-01
7.587316036224365234e-01
8.496949672698974609e-01
7.809726595878601074e-01
8.840183615684509277e-01
7.806275486946105957e-01
8.019754886627197266e-01
7.830400466918945312e-01
7.867715954780578613e-01
7.658213376998901367e-01
7.068482041358947754e-01
7.090504169464111328e-01
8.674394488334655762e-01
7.589976787567138672e-01
8.074577450752258301e-01
9.407710433006286621e-01
8.647686839103698730e-01
7.806980013847351074e-01
9.059252738952636719e-01
9.564973115921020508e-01
8.960759639739990234e-01
7.876981496810913086e-01
7.858998179435729980e-01
8.732960820198059082e-01
7.266488075256347656e-01
8.205388784408569336e-01
7.533735036849975586e-01
7.110704183578491211e-01
7.960802912712097168e-01
7.964200973510742188e-01
7.826385498046875000e-01
7.626386880874633789e-01
8.124823570251464844e-01
7.641441822052001953e-01
7.833768129348754883e-01
8.579695224761962891e-01
8.675997257232666016e-01
8.574422597885131836e-01
8.522562980651855469e-01
7.113571763038635254e-01
8.344766497611999512e-01
7.500727176666259766e-01
9.658410549163818359e-01
8.147986531257629395e-01
6.492050886154174805e-01
7.215808629989624023e-01
8.946481943130493164e-01
7.580394148826599121e-01
8.892013430595397949e-01
7.371673583984375000e-01
7.459895610809326172e-01
8.044496178627014160e-01
7.245007157325744629e-01
8.244096040725708008e-01
8.156118392944335938e-01
6.559615135192871094e-01
8.097956180572509766e-01
9.423379898071289062e-01
9.101108908653259277e-01
8.265375494956970215e-01
7.740284204483032227e-01
7.330302000045776367e-01
8.010815382003784180e-01
8.861465454101562500e-01
6.489489078521728516e-01
7.022193670272827148e-01
8.511817455291748047e-01
7.584768533706665039e-01
6.503618955612182617e-01
7.774498462677001953e-01
7.420221567153930664e-01
8.300530314445495605e-01
7.676719427108764648e-01
8.379921317100524902e-01
7.579962611198425293e-01
7.924675941467285156e-01
8.123586177825927734e-01
9.001192450523376465e-01
7.430188059806823730e-01
6.864315271377563477e-01
8.820421695709228516e-01
7.007777690887451172e-01
7.193154096603393555e-01
7.821374535560607910e-01
8.114765882492065430e-01
7.546575069427490234e-01
7.529236674308776855e-01
8.807418346405029297e-01
8.608940839767456055e-01
7.392426729202270508e-01
8.938771486282348633e-01
8.019052743911743164e-01
7.699987888336181641e-01
7.477743625640869141e-01
6.259940862655639648e-01
8.290361166000366211e-01
7.909686565399169922e-01
7.396035194396972656e-01
6.666712164878845215e-01
9.350666999816894531e-01
8.823708295822143555e-01
7.532260417938232422e-01
8.582011461257934570e-01
8.838805556297302246e-01
7.987351417541503906e-01
7.402253150939941406e-01
7.843122482299804688e-01
9.288887977600097656e-01
7.849516868591308594e-01
6.383457183837890625e-01
8.063099384307861328e-01
6.628979444503784180e-01
8.808470964431762695e-01
8.233577013015747070e-01
7.906986474990844727e-01
7.678967118263244629e-01
6.961634159088134766e-01
6.370717287063598633e-01
8.042501211166381836e-01
8.122061491012573242e-01
7.204827070236206055e-01
8.376637697219848633e-01
6.945437788963317871e-01
6.869388818740844727e-01
6.980466842651367188e-01
7.920348644256591797e-01
9.473837614059448242e-01
7.701393961906433105e-01
8.317490220069885254e-01
8.223197460174560547e-01
9.413697719573974609e-01
8.612116575241088867e-01
6.752805709838867188e-01
8.499538898468017578e-01
7.344661951065063477e-01
7.151920795440673828e-01
7.189018726348876953e-01
9.220083355903625488e-01
7.631220817565917969e-01
8.029543161392211914e-01
7.403874397277832031e-01
8.337452411651611328e-01
8.638628721237182617e-01
8.748253583908081055e-01
7.904112339019775391e-01
8.701753616333007812e-01
7.020484209060668945e-01
7.404274940490722656e-01
8.003776073455810547e-01
7.653514742851257324e-01
7.375155091285705566e-01
7.402235269546508789e-01
8.250958919525146484e-01
9.389380216598510742e-01
7.227624058723449707e-01
9.245601892471313477e-01
8.952183723449707031e-01
7.090965509414672852e-01
8.726648092269897461e-01
8.449706435203552246e-01
7.664371728897094727e-01
9.099790453910827637e-01
8.458098173141479492e-01
9.248705506324768066e-01
8.355393409729003906e-01
7.772350311279296875e-01
7.449179887771606445e-01
8.225653171539306641e-01
7.526005506515502930e-01
7.558597326278686523e-01
8.565977811813354492e-01
7.178115844726562500e-01
7.215883731842041016e-01
6.939769983291625977e-01
7.316285967826843262e-01
8.237748146057128906e-01
7.794073224067687988e-01
9.297741651535034180e-01
6.672545671463012695e-01
7.427046298980712891e-01
7.387603521347045898e-01
6.519019603729248047e-01
6.731602549552917480e-01
7.867035865783691406e-01
6.916980743408203125e-01
7.752035856246948242e-01
7.681018710136413574e-01
7.460201978683471680e-01
9.098818302154541016e-01
7.365878820419311523e-01
8.315718173980712891e-01
7.874003052711486816e-01
8.173194527626037598e-01
7.215663790702819824e-01
6.865643262863159180e-01
7.601037621498107910e-01
8.588731288909912109e-01
7.999774217605590820e-01
7.637495994567871094e-01
8.751347064971923828e-01
8.569300174713134766e-01
8.581430912017822266e-01
8.209306001663208008e-01
7.095521688461303711e-01
9.665259122848510742e-01
8.756977319717407227e-01
7.634919285774230957e-01
7.274892330169677734e-01
8.046099543571472168e-01
7.481229305267333984e-01
7.314379811286926270e-01
8.899724483489990234e-01
9.102900028228759766e-01
8.808638453483581543e-01
8.172503113746643066e-01
6.521582007408142090e-01
8.240797519683837891e-01
7.505257129669189453e-01
8.015969395637512207e-01
8.684158325195312500e-01
6.629703640937805176e-01
6.511126756668090820e-01
7.086656689643859863e-01
6.772162914276123047e-01
8.114389777183532715e-01
7.639665007591247559e-01
7.953410148620605469e-01
8.387989997863769531e-01
8.406448960304260254e-01
8.819856047630310059e-01
9.148908853530883789e-01
7.272397279739379883e-01
9.511203765869140625e-01
8.817082643508911133e-01
8.049612045288085938e-01
8.681950569152832031e-01
8.473228216171264648e-01
8.349807262420654297e-01
8.111675977706909180e-01
8.219753503799438477e-01
8.380472064018249512e-01
6.444090604782104492e-01
8.753614425659179688e-01
7.343478202819824219e-01
8.769102096557617188e-01
8.040387630462646484e-01
7.368041872978210449e-01
9.327740669250488281e-01
9.784458875656127930e-01
7.537296414375305176e-01
9.442870616912841797e-01
7.757634520530700684e-01
8.487085103988647461e-01
8.781628608703613281e-01
8.069727420806884766e-01
8.882944583892822266e-01
7.213658094406127930e-01
8.053061366081237793e-01
7.897315025329589844e-01
7.502980232238769531e-01
6.252032518386840820e-01
7.929159402847290039e-01
7.810046672821044922e-01
9.530455470085144043e-01
7.180950641632080078e-01
8.023701906204223633e-01
8.016442060470581055e-01
8.622238636016845703e-01
6.899830102920532227e-01
7.844384312629699707e-01
7.770549058914184570e-01
6.706998348236083984e-01
6.767042279243469238e-01
8.031956553459167480e-01
8.722982406616210938e-01
6.885358095169067383e-01
9.037109017372131348e-01
8.238536119461059570e-01
7.375191450119018555e-01
8.178237080574035645e-01
8.794831037521362305e-01
7.734545469284057617e-01
8.714827299118041992e-01
7.661192417144775391e-01
7.883654832839965820e-01
