1.603834144771099091e-02
1.630707830190658569e-02
1.688197627663612366e-02
1.398205570876598358e-02
1.413591206073760986e-02
1.534014753997325897e-02
1.476932130753993988e-02
1.504890993237495422e-02
1.349216513335704803e-02
1.504151523113250732e-02
1.800649799406528473e-02
1.924205943942070007e-02
1.671803742647171021e-02
1.771949604153633118e-02
1.811273768544197083e-02
1.662970520555973053e-02
1.510285772383213043e-02
1.309495791792869568e-02
1.714048720896244049e-02
1.497753895819187164e-02
1.746739074587821960e-02
1.562396436929702759e-02
1.543734595179557800e-02
1.494085229933261871e-02
1.971352845430374146e-02
1.546191610395908356e-02
2.002330124378204346e-02
1.798918098211288452e-02
1.555020175874233246e-02
1.806520111858844757e-02
1.602589711546897888e-02
2.173538133502006531e-02
1.404216885566711426e-02
1.524509582668542862e-02
1.550341956317424774e-02
1.529063470661640167e-02
1.798917725682258606e-02
1.958380267024040222e-02
1.735841855406761169e-02
1.805289089679718018e-02
1.592869870364665985e-02
1.827882975339889526e-02
1.646145433187484741e-02
1.530557870864868164e-02
1.464287005364894867e-02
1.128389500081539154e-02
1.291801594197750092e-02
1.577882282435894012e-02
1.620171591639518738e-02
1.444796286523342133e-02
1.741432957351207733e-02
1.413207873702049255e-02
1.459775585681200027e-02
1.380811352282762527e-02
1.659681275486946106e-02
1.565534807741641998e-02
1.458603050559759140e-02
1.613247394561767578e-02
1.589890383183956146e-02
1.738772913813591003e-02
1.558072399348020554e-02
1.779919117689132690e-02
1.664554327726364136e-02
2.388804405927658081e-02
