1.458857115358114243e-02
1.543805748224258423e-02
1.719221286475658417e-02
1.508455537259578705e-02
1.760092750191688538e-02
1.741323061287403107e-02
1.559067144989967346e-02
1.637217774987220764e-02
1.580821536481380463e-02
1.710817404091358185e-02
1.642746105790138245e-02
1.480832602828741074e-02
1.610831543803215027e-02
1.573753915727138519e-02
1.670114323496818542e-02
1.533681340515613556e-02
1.630140841007232666e-02
1.216836739331483841e-02
1.684832759201526642e-02
1.697396300733089447e-02
1.612946391105651855e-02
1.542798802256584167e-02
1.378996297717094421e-02
1.594540476799011230e-02
1.543373614549636841e-02
1.560641825199127197e-02
1.544345635920763016e-02
1.573014259338378906e-02
1.702007278800010681e-02
1.552617084234952927e-02
1.629516482353210449e-02
1.608092337846755981e-02
