1.189527101814746857e-02
1.176504045724868774e-02
1.282725110650062561e-02
1.102158986032009125e-02
1.102492306381464005e-02
1.007498987019062042e-02
1.027083024382591248e-02
1.080221496522426605e-02
1.151349861174821854e-02
1.188232563436031342e-02
1.034388598054647446e-02
1.357780862599611282e-02
8.699630387127399445e-03
1.425822637975215912e-02
1.033870782703161240e-02
9.486068040132522583e-03
9.147286415100097656e-03
9.302878752350807190e-03
1.191997528076171875e-02
1.179629191756248474e-02
1.036651246249675751e-02
1.252824254333972931e-02
1.079831738024950027e-02
1.027683075517416000e-02
9.409926831722259521e-03
1.036632992327213287e-02
1.268948893994092941e-02
1.558275241404771805e-02
8.008750155568122864e-03
1.001586392521858215e-02
9.547910653054714203e-03
9.049294516444206238e-03
1.289253961294889450e-02
1.092655397951602936e-02
1.501074247062206268e-02
1.102496683597564697e-02
1.164132636040449142e-02
1.099037099629640579e-02
1.186674553900957108e-02
9.361414238810539246e-03
1.326107233762741089e-02
9.046938270330429077e-03
9.856998920440673828e-03
1.082108449190855026e-02
1.401701662689447403e-02
9.876951575279235840e-03
9.758809581398963928e-03
1.016362477093935013e-02
1.007067598402500153e-02
1.001562457531690598e-02
1.004119776189327240e-02
1.159190386533737183e-02
9.194352664053440094e-03
1.149825938045978546e-02
1.294708717614412308e-02
9.135724976658821106e-03
1.207148376852273941e-02
1.338070351630449295e-02
1.166178006678819656e-02
8.850050158798694611e-03
1.069755945354700089e-02
9.607167914509773254e-03
1.186342537403106689e-02
1.138594932854175568e-02
9.927793405950069427e-03
1.430640183389186859e-02
1.218038424849510193e-02
7.547824643552303314e-03
1.065990887582302094e-02
1.170569378882646561e-02
1.281036529690027237e-02
1.014034263789653778e-02
1.168573088943958282e-02
1.054385304450988770e-02
1.152064930647611618e-02
1.366572640836238861e-02
1.165331900119781494e-02
1.182441599667072296e-02
1.036115549504756927e-02
1.262341719120740891e-02
1.131471339613199234e-02
1.047493331134319305e-02
1.256805937737226486e-02
1.295126508921384811e-02
1.058265194296836853e-02
1.047676056623458862e-02
1.068968698382377625e-02
1.164691895246505737e-02
1.091664284467697144e-02
1.227982621639966965e-02
1.072454079985618591e-02
8.590340614318847656e-03
8.960705250501632690e-03
1.105907373130321503e-02
1.084662880748510361e-02
1.397402118891477585e-02
1.032558269798755646e-02
1.165043935179710388e-02
1.188147626817226410e-02
1.095427758991718292e-02
1.228514872491359711e-02
9.762284345924854279e-03
1.463436055928468704e-02
1.180601026862859726e-02
1.068209391087293625e-02
1.086974330246448517e-02
1.180313434451818466e-02
1.080342289060354233e-02
1.582667976617813110e-02
1.077029109001159668e-02
8.773991838097572327e-03
9.434903040528297424e-03
1.141317188739776611e-02
1.155464258044958115e-02
1.184900663793087006e-02
1.148946024477481842e-02
1.111188530921936035e-02
9.899994358420372009e-03
1.376036088913679123e-02
1.081286929547786713e-02
1.283258944749832153e-02
1.185190025717020035e-02
1.205585896968841553e-02
1.218963041901588440e-02
9.440079331398010254e-03
1.191902346909046173e-02
1.228500436991453171e-02
1.113233529031276703e-02
