7.117854058742523193e-02
7.308137416839599609e-02
7.314997911453247070e-02
6.533274799585342407e-02
6.710270047187805176e-02
8.029631525278091431e-02
6.999184191226959229e-02
8.071321249008178711e-02
8.382645249366760254e-02
7.412341982126235962e-02
7.487117499113082886e-02
8.084458112716674805e-02
8.014380931854248047e-02
8.251807838678359985e-02
8.637310564517974854e-02
8.038693666458129883e-02
7.755520939826965332e-02
8.606037497520446777e-02
7.163151353597640991e-02
8.459972590208053589e-02
6.334216147661209106e-02
8.062171936035156250e-02
8.181647956371307373e-02
8.265855163335800171e-02
8.277966827154159546e-02
7.365864515304565430e-02
7.266816496849060059e-02
7.321318984031677246e-02
7.401864230632781982e-02
8.842168003320693970e-02
8.192262798547744751e-02
7.806803286075592041e-02
7.661681622266769409e-02
8.328481763601303101e-02
7.782431691884994507e-02
8.261883258819580078e-02
7.195876538753509521e-02
7.536034286022186279e-02
7.887985557317733765e-02
7.640706002712249756e-02
8.149127662181854248e-02
8.605997264385223389e-02
8.127607405185699463e-02
6.766696274280548096e-02
8.003907650709152222e-02
8.250313997268676758e-02
7.232981920242309570e-02
7.778376340866088867e-02
7.440537214279174805e-02
7.936492562294006348e-02
7.940456271171569824e-02
7.063449919223785400e-02
8.454152941703796387e-02
7.124578207731246948e-02
8.828163892030715942e-02
7.161966711282730103e-02
7.940360903739929199e-02
8.210325241088867188e-02
7.465466856956481934e-02
7.739672064781188965e-02
8.107689023017883301e-02
7.816009223461151123e-02
8.720035851001739502e-02
6.882619857788085938e-02
8.125474303960800171e-02
7.723164558410644531e-02
8.550783246755599976e-02
6.988907605409622192e-02
8.178983628749847412e-02
6.518519669771194458e-02
7.797798514366149902e-02
7.691703736782073975e-02
8.232175558805465698e-02
6.941804289817810059e-02
7.565889507532119751e-02
6.961344927549362183e-02
7.555284351110458374e-02
7.726768404245376587e-02
6.797738373279571533e-02
7.854357361793518066e-02
7.943481206893920898e-02
7.419002056121826172e-02
7.223393023014068604e-02
7.478144764900207520e-02
8.311133086681365967e-02
6.417789310216903687e-02
7.541742175817489624e-02
8.191012591123580933e-02
8.136370778083801270e-02
7.675454020500183105e-02
7.854679226875305176e-02
7.804183661937713623e-02
7.656204700469970703e-02
7.881622016429901123e-02
8.542406558990478516e-02
6.987459957599639893e-02
7.220832258462905884e-02
7.571747899055480957e-02
7.726146280765533447e-02
7.299354672431945801e-02
6.518079340457916260e-02
7.018804550170898438e-02
8.220161497592926025e-02
8.128708600997924805e-02
6.874218583106994629e-02
6.452893465757369995e-02
8.547894656658172607e-02
7.322071492671966553e-02
7.108696550130844116e-02
7.625856995582580566e-02
8.320073783397674561e-02
7.012265175580978394e-02
8.503626286983489990e-02
6.808532774448394775e-02
7.388877123594284058e-02
7.709261775016784668e-02
7.812255620956420898e-02
8.415521681308746338e-02
7.986109703779220581e-02
7.873351871967315674e-02
7.084976881742477417e-02
7.691745460033416748e-02
7.433085143566131592e-02
8.306944370269775391e-02
7.560465484857559204e-02
7.938811182975769043e-02
8.068381249904632568e-02
8.115828037261962891e-02
6.319779902696609497e-02
8.109349012374877930e-02
8.802682906389236450e-02
7.034891843795776367e-02
8.456271886825561523e-02
7.631388306617736816e-02
7.895971089601516724e-02
8.043334633111953735e-02
6.928066909313201904e-02
8.499544858932495117e-02
8.032163977622985840e-02
8.912231028079986572e-02
7.706665992736816406e-02
8.411380648612976074e-02
6.874337047338485718e-02
7.488368451595306396e-02
9.067429602146148682e-02
7.374065369367599487e-02
7.850462198257446289e-02
6.729982793331146240e-02
6.758406758308410645e-02
7.983949780464172363e-02
8.037416636943817139e-02
7.833242416381835938e-02
8.200573921203613281e-02
6.678248941898345947e-02
8.444668352603912354e-02
7.589019834995269775e-02
6.492726504802703857e-02
7.793765515089035034e-02
8.115640282630920410e-02
8.385374397039413452e-02
7.862429320812225342e-02
7.707089185714721680e-02
8.290561288595199585e-02
7.619289308786392212e-02
7.591458410024642944e-02
7.293683290481567383e-02
8.084653317928314209e-02
7.756930589675903320e-02
7.416956871747970581e-02
7.309922575950622559e-02
8.186256885528564453e-02
7.276143878698348999e-02
7.923930883407592773e-02
7.471369206905364990e-02
7.587030529975891113e-02
8.386631309986114502e-02
8.605186641216278076e-02
7.192482054233551025e-02
7.474738359451293945e-02
7.548426091670989990e-02
7.427881658077239990e-02
8.373190462589263916e-02
8.374902606010437012e-02
7.993188500404357910e-02
8.141309022903442383e-02
7.161343842744827271e-02
7.842651009559631348e-02
7.538639008998870850e-02
7.241362333297729492e-02
7.143744826316833496e-02
6.846117973327636719e-02
7.692669332027435303e-02
